0.0    0.00147524932611
0.125    0.00147524932611
0.25    0.00147524932611
0.375    0.00147524932611
0.5    0.00147524932611
0.625    0.00147524932611
0.75    0.00147524932611
0.875    0.00147524932611
1.0    0.00147524932611
1.125    0.00147524932611
1.25    0.00147524932611
1.375    0.00147524932611
1.5    0.00147524932611
1.625    0.00147524932611
1.75    0.00147524932611
1.875    0.00147524932611
2.0    0.00147524932611
2.125    0.00147524932611
2.25    0.00147524932611
2.375    0.00147524932611
2.5    0.00147524932611
2.625    0.00147524932611
2.75    0.00147524932611
2.875    0.00147524932611
3.0    0.00147524932611
3.125    0.00147524932611
3.25    0.00147524932611
3.375    0.00147524932611
3.5    0.00147524932611
3.625    0.00147524932611
3.75    0.00147524932611
3.875    0.00147524932611
4.0    0.00147524932611
4.125    0.00147524932611
4.25    0.00147524932611
4.375    0.00147524932611
4.5    0.00147524932611
4.625    0.00147524932611
4.75    0.00147524932611
4.875    0.00147524932611
5.0    0.00147524932611
5.125    0.00147524932611
5.25    0.00147524932611
5.375    0.00147524932611
5.5    0.00147524932611
5.625    0.00147524932611
5.75    0.00147524932611
5.875    0.00147524932611
6.0    0.00147524932611
6.125    0.00147524932611
6.25    0.00147524932611
6.375    0.00147524932611
6.5    0.00147524932611
6.625    0.00147524932611
6.75    0.00147524932611
6.875    0.00147524932611
7.0    0.00147524932611
7.125    0.00147524932611
7.25    0.00147524932611
7.375    0.00147524932611
7.5    0.00147524932611
7.625    0.00147524932611
7.75    0.00147524932611
7.875    0.00147524932611
8.0    0.00147524932611
8.125    0.00147524932611
8.25    0.00147524932611
8.375    0.00147524932611
8.5    0.00147524932611
8.625    0.00147524932611
8.75    0.00147524932611
8.875    0.00147524932611
9.0    0.00147524932611
9.125    0.00147524932611
9.25    0.00147524932611
9.375    0.00147524932611
9.5    0.00147524932611
9.625    0.00147524932611
9.75    0.00147524932611
9.875    0.00147524932611
10.0    0.00147524932611
10.125    0.00147524932611
10.25    0.00147524932611
10.375    0.00147524932611
10.5    0.00147524932611
10.625    0.00147524932611
10.75    0.00147524932611
10.875    0.00147524932611
11.0    0.00147524932611
11.125    0.00147524932611
11.25    0.00147524932611
11.375    0.00147524932611
11.5    0.00147524932611
11.625    0.00147524932611
11.75    0.00147524932611
11.875    0.00147524932611
12.0    0.00147524932611
12.125    0.00147524932611
12.25    0.00147524932611
12.375    0.00147524932611
12.5    0.00147524932611
12.625    0.00147524932611
12.75    0.00147524932611
12.875    0.00147524932611
13.0    0.00147524932611
13.125    0.00147524932611
13.25    0.00147524932611
13.375    0.00147524932611
13.5    0.00147524932611
13.625    0.00147524932611
13.75    0.00147524932611
13.875    0.00147524932611
14.0    0.00147524932611
14.125    0.00147524932611
14.25    0.00147524932611
14.375    0.00147524932611
14.5    0.00147524932611
14.625    0.00147524932611
14.75    0.00147524932611
14.875    0.00147524932611
15.0    0.00147524932611
15.125    0.00147524932611
15.25    0.00147524932611
15.375    0.00147524932611
15.5    0.00147524932611
15.625    0.00147524932611
15.75    0.00147524932611
15.875    0.00147524932611
16.0    0.00147524932611
16.125    0.00147524932611
16.25    0.00147524932611
16.375    0.00147524932611
16.5    0.00147524932611
16.625    0.00147524932611
16.75    0.00147524932611
16.875    0.00147524932611
17.0    0.00147524932611
17.125    0.00147524932611
17.25    0.00147524932611
17.375    0.00147524932611
17.5    0.00147524932611
17.625    0.00147524932611
17.75    0.00147524932611
17.875    0.00147524932611
18.0    0.00147524932611
18.125    0.00147524932611
18.25    0.00147524932611
18.375    0.00147524932611
18.5    0.00147524932611
18.625    0.00147524932611
18.75    0.00147524932611
18.875    0.00147524932611
19.0    0.00147524932611
19.125    0.00147524932611
19.25    0.00147524932611
19.375    0.00147524932611
19.5    0.00147524932611
19.625    0.00147524932611
19.75    0.00147524932611
19.875    0.00147524932611
20.0    0.00147524932611
20.125    0.00147524932611
20.25    0.00147524932611
20.375    0.00147524932611
20.5    0.00147524932611
20.625    0.00147524932611
20.75    0.00147524932611
20.875    0.00147524932611
21.0    0.00147524932611
21.125    0.00147524932611
21.25    0.00147524932611
21.375    0.00147524932611
21.5    0.00147524932611
21.625    0.00147524932611
21.75    0.00147524932611
21.875    0.00147524932611
22.0    0.00147524932611
22.125    0.00147524932611
22.25    0.00147524932611
22.375    0.00147524932611
22.5    0.00147524932611
22.625    0.00147524932611
22.75    0.00147524932611
22.875    0.00147524932611
23.0    0.00147524932611
23.125    0.00147524932611
23.25    0.00147524932611
23.375    0.00147524932611
23.5    0.00147524932611
23.625    0.00147524932611
23.75    0.00147524932611
23.875    0.00147524932611
24.0    0.00147524932611
24.125    0.00147524932611
24.25    0.00147524932611
24.375    0.00147524932611
24.5    0.00147524932611
24.625    0.00147524932611
24.75    0.00147524932611
24.875    0.00147524932611
25.0    0.00147524932611
25.125    0.00147524932611
25.25    0.00147524932611
25.375    0.00147524932611
25.5    0.00147524932611
25.625    0.00147524932611
25.75    0.00147524932611
25.875    0.00147524932611
26.0    0.00147524932611
26.125    0.00147524932611
26.25    0.00147524932611
26.375    0.00147524932611
26.5    0.00147524932611
26.625    0.00147524932611
26.75    0.00147524932611
26.875    0.00147524932611
27.0    0.00147524932611
27.125    0.00147524932611
27.25    0.00147524932611
27.375    0.00147524932611
27.5    0.00147524932611
27.625    0.00147524932611
27.75    0.00147524932611
27.875    0.00147524932611
28.0    0.00147524932611
28.125    0.00147524932611
28.25    0.00147524932611
28.375    0.00147524932611
28.5    0.00147524932611
28.625    0.00147524932611
28.75    0.00147524932611
28.875    0.00147524932611
29.0    0.00147524932611
29.125    0.00147524932611
29.25    0.00147524932611
29.375    0.00147524932611
29.5    0.00147524932611
29.625    0.00147524932611
29.75    0.00147524932611
29.875    0.00147524932611
30.0    0.00147524932611
30.125    0.00147524932611
30.25    0.00147524932611
30.375    0.00147524932611
30.5    0.00147524932611
30.625    0.00147524932611
30.75    0.00147524932611
30.875    0.00147524932611
31.0    0.00147524932611
31.125    0.00147524932611
31.25    0.00147524932611
31.375    0.00147524932611
31.5    0.00147524932611
31.625    0.00147524932611
31.75    0.00147524932611
31.875    0.00147524932611
32.0    0.00147524932611
32.125    0.00147524932611
32.25    0.00147524932611
32.375    0.00147524932611
32.5    0.00147524932611
32.625    0.00147524932611
32.75    0.00147524932611
32.875    0.00147524932611
33.0    0.00147524932611
33.125    0.00147524932611
33.25    0.00147524932611
33.375    0.00147524932611
33.5    0.00147524932611
33.625    0.00147524932611
33.75    0.00147524932611
33.875    0.00147524932611
34.0    0.00147524932611
34.125    0.00147524932611
34.25    0.00147524932611
34.375    0.00147524932611
34.5    0.00147524932611
34.625    0.00147524932611
34.75    0.00147524932611
34.875    0.00147524932611
35.0    0.00147524932611
35.125    0.00147524932611
35.25    0.00147524932611
35.375    0.00147524932611
35.5    0.00147524932611
35.625    0.00147524932611
35.75    0.00147524932611
35.875    0.00147524932611
36.0    0.00147524932611
36.125    0.00147524932611
36.25    0.00147524932611
36.375    0.00147524932611
36.5    0.00147524932611
36.625    0.00147524932611
36.75    0.00147524932611
36.875    0.00147524932611
37.0    0.00147524932611
37.125    0.00147524932611
37.25    0.00147524932611
37.375    0.00147524932611
37.5    0.00147524932611
37.625    0.00147524932611
37.75    0.00147524932611
37.875    0.00147524932611
38.0    0.00147524932611
38.125    0.00147524932611
38.25    0.00147524932611
38.375    0.00147524932611
38.5    0.00147524932611
38.625    0.00147524932611
38.75    0.00147524932611
38.875    0.00147524932611
